-2144231852
-2143934008
-2111381063
-2103784204
-2089890156
-2089483860
-2075975626
-2074426416
-2070911841
-2068937653
-2068560330
-2051209548
-2041423253
-2025309833
-1998712466
-1994152552
-1972697276
-1968072248
-1945121945
-1926925364
-1907018776
-1879522646
-1852291165
-1850948193
-1846526821
-1837730445
-1828358143
-1821228544
-1819340566
-1814881903
-1811664766
-1807414188
-1775862600
-1770722457
-1759772325
-1758618184
-1729427008
-1727216118
-1715193689
-1702594350
-1693785571
-1690650396
-1680307898
-1671416920
-1668167246
-1667247001
-1652147904
-1632974791
-1627551815
-1625413612
-1619482002
-1617885880
-1609308732
-1607901215
-1587381206
-1569384492
-1559481727
-1517634090
-1510706178
-1501587782
-1491598414
-1488610048
-1426512432
-1406203896
-1367810171
-1353787239
-1339347211
-1338851615
-1320277894
-1312523811
-1290921757
-1281463895
-1281226182
-1259102609
-1251670094
-1251207664
-1219438468
-1218880165
-1198823586
-1198717719
-1193733667
-1178444955
-1161844898
-1160646263
-1159297665
-1141603374
-1138666314
-1115201284
-1113147947
-1096601467
-1096494272
-1088151563
-1047098176
-1021242738
-990813330
-982352211
-976812633
-974825398
-962635354
-954711426
-952168414
-918780195
-905101012
-884537556
-864730772
-833439404
-808610999
-797796725
-780606714
-774315878
-744845522
-723167982
-703074672
-669514310
-649923233
-649734041
-643362625
-619992350
-587402826
-586014840
-565434767
-530467341
-516202957
-515368230
-507373269
-497956105
-466815545
-459502993
-456998095
-439754930
-418300127
-384266588
-377581496
-366631797
-361431997
-356284133
-353138457
-341352784
-336541058
-324710909
-322139837
-317910949
-294592686
-270197923
-249140060
-217687492
-202078857
-202033661
-181730535
-173413412
-150818267
-140587951
-139294364
-114721714
-67736209
-40706437
-40397241
-31724096
-29004506
-18879777
-5565147
2279776
13945183
32587046
43564118
44911343
45528287
46690159
88136827
95949527
100402522
103827512
105287070
135565291
136095952
147077639
168012940
170774361
172807485
173246569
199192426
201156753
202387307
209281212
213769160
252116566
271241945
275411225
296261056
310205479
310707131
314874593
329962053
343307410
367275106
367862449
381739872
396387616
403563304
410305936
425943980
455819822
459747597
472133774
473577972
474130430
491895534
506725102
510804547
516722343
518450952
580820586
596250896
621364495
625077831
637157224
670976217
681040098
682411913
686307312
702570851
718559869
727119683
730402835
739402931
763861391
765831362
766644932
777805405
798672986
805876177
823554355
824879055
837383005
840189512
849763835
852408681
853584860
873609415
887720696
894722972
899403273
900907891
913397522
915917557
918883040
939633898
941156353
953805895
957329569
981799721
994806787
995927989
1026505026
1029294700
1035938481
1053130878
1054508708
1063134555
1069926834
1088479883
1142920652
1168492791
1183874295
1208849964
1214543767
1238529532
1249114967
1252261902
1260922844
1280405850
1307942239
1318029001
1334747182
1361266564
1369493558
1397684143
1399453360
1408580237
1416594726
1429271663
1434912425
1435438386
1462901865
1467145011
1476623656
1507952461
1512995626
1550231075
1560319021
1579023202
1587694104
1617286667
1625996890
1650866497
1667101409
1679069807
1697958388
1700418886
1701970110
1710128577
1719375006
1724280172
1733001830
1741384106
1753497288
1785297797
1789434522
1793553813
1805840852
1807405524
1815760264
1824378545
1830512683
1869679235
1889834508
1893456310
1897975712
1906068097
1915834633
1942617551
1960479654
1970118415
1972213418
2007795266
2011150239
2046093875
2060261092
2080480279
2146392792
1017594911
-1311836064
1718627520
-1979391456
-1283575251
1965102718
-624163225
1965955461
2037847170
-2022634971
-414715003
-1042284315
-677973354
-365416689
584904803
-1893412018
-736496135
-2110040435
1832996389
-2060004219
298484908
-1675520947
1610382775
258512662
-1647947990
-89040503
-250058605
1878597963
-1084163922
-1539334011
-1223897095
-1978477827
1661532688
154077127
-797300255
-406711552
-2006357237
-511939343
1908379416
-973624725
1916552406
-1955243248
-934626089
-1782066187
1772637999
1886223913
706603422
269021111
-284669189
-1391123902
-1788139166
-791821155
-686299780
-300482412
1777394130
-1985026822
-665641640
-470537748
-1357639975
-15144432
813609423
-738380702
364168900
934456809
74801987
-1235581505
-204427634
173050004
-826749259
-1632256521
-2079906624
-1708538348
1810634831
1929027846
-625822954
-1004360456
-1518593052
-1948231205
577553251
1742635547
190789616
1845149819
26750201
1787222113
935696579
-964689597
-1670644730
1791067613
1250455288
-442151302
-1813661247
-208986079
1086652618
2064944959
300478122
-425474149
477745711
2081706637
-655458188
1551933284
762108033
-971551268
-2063600881
809335620
1667728429
-1308530178
1886531684
1329737546
-1270155961
814898775
173295790
-1649619298
1658027852
1632904725
-409435796
2007661424
-958962953
1219758725
217183507
1290626635
-508819027
15559468
709319205
-564282442
103180907
-260937688
-1962230772
-2077933661
-1529657134
146396983
-819317431
-1740685566
-366409549
1181337932
1481189963
-527158221
2077496179
-1470854411
1805866883
114614356
-1367924600
-67065154
-502290668
-1838432704
867664540
1046397942
-830664543
2106925213
68276983
718388547
2080382812
-14888965
-728470210
-1724463372
-477419010
1311935672
1558491528
1557120153
-623510312
655692984
-1615781433
629103384
-2029699802
-1382109092
1629178703
755481224
639589966
1089206137
-190139185
-994249898
-536685889
-735042936
1315177365
-694228221
-560640713
-531441748
1422247621
-115530307
1772856157
-1617251276
-942291694
-1330209816
1141433105
-1085420905
1985969736
-108394979
-467131663
-780538063
252477978
2080554351
-856037730
1382242800
-597678378
-866365107
-1551761567
1148891597
-451166561
-1496872434
647867217
1775031854
-1361877116
453665839
-1822146001
688965666
-1982923033
-2131855036
-898950869
-1118910508
716643758
1673616626
-1225544704
516958804
1356617639
382615857
-85881399
1813080143
-894820770
1228333627
-766372204
-1908102585
-701028701
-924814798
-643756049
792571449
-1598057393
-444212266
-1572052572
-1114676020
-1801714221
1944677698
2008324068
109396556
-588167854
-1753029210
-1073793753
-1270483424
-645909369
642914648
1883483105
2094626195
1630876950
-513952622
-1259911663
-1361491327
104114223
1846292934
176621629
-1634330529
1191055960
267028664
-1058419863
205040386
-479378736
419112826
-315390761
1534681252
1706886977
-952794385
398885700
2123211657
335804259
559176766
887335906
1375675398
125853362
-1563089010
-1050583887
-178101226
2122473902
1061029258
964258780
1582115603
-1478689846
719580204
-1849841920
-762555694
-1218907987
1788431563
1005048870
391408990
-1651587853
-1460208587
-2071102773
-1256012643
-410462514
1869042261
-1590592531
1493705874
701333696
-2076079506
727674347
-1464703934
-1448697812
-1900880031
499279315
-269990776
-1611018758
384249574
769020491
-29770421
-1024568583
-2027052689
1277988201
-1041640749
-1616118927
-1034555380
-764300577
1277216312
-192852471
-294846553
-756368976
-1149367491
-1614487647
861907414
524092314
-954513361
-1796806205
898362693
902865873
-400914048
768222597
1589405046
-1852743282
1756761529
1212988437
-1629297824
116297819
498040291
-1699784277
558184124
-31795162
-538272080
265488381
-1831011936
-1693505874
-2045366143
2093624046
-477756495
-1220106970
745507116
1281538080
210633794
299015210
-1375563175
546216030
1178109960
-286161985
349073140
672672592
1780778423
1341047524
421686867
-2042085184
1197272936
-2106324633
2026328547
-115283546
1202742734
940851059
1019575539
-1086683722
-1154067333
-1449925447
210575826
-1654474362
-1947939556
1496567039
-1632457998
-565677192
-2046213889
425650400
800184308
1181076843
1487440428
248786375
1030395562
1793496858
1545279879
-442627398
-160409302
1868531516
-1234347671
1271591985
-36481038
360625495
-526503273
-1497712922
-609849973
-71889544
293574285
-754147582
-1727567079
798363904
-1063292124
1436725743
272700225
-647414973
-1784701184
-1686676979
2074184356
-1026708144
895659958
-1392017543
2053653941
300595240
689577771
-463251683
1350137907
1308914537
-2038964268
928073342
1807011095
-732717624
921019288
1379125127
-1384048688
-365608269
-560425710
-2075234848
1875072005
-815733657
-2137400430
1864983537
1563987335
1032434811
-1225231911
1317840899
-15995321
1625766306
1598940449
1924243236
-2093000170
-2113694576
274120757
2069138404
1393418592
849245505
1608811136
181197075
1707679108
1058732668
522561673
-319939928
-2144624902
587833710
-1627932406
1971903802
1904287535
-467628435
61750140
96133517
771809625
1526048786
-2074030129
-262197201
-657512144
-680445335
-89697860
968785802
1364909882
-1958656796
2015360038
401970701
1444253229
1107079460
-813787295
406337162
602598454
1508065424
-735834633
-1110039046
-1729938920
1287282739
-849971518
1710830803
-831936771
1606079073
-1131540131
-233762129
-156957561
-345498079
-1499785123
2138919288
-703720000
-580474745
-359764505
-1345095875
260343150
-570777619
833338103
98683679
-658591541
-731918478
568825845
187082766
1014705676
1505619237
1819635708
-302589957
619146752
-569293158
850549630
1471456294
-1847858940
116371518
-779750262
-669358630
-381060143
1780000235
-649878973
1838778963
-1894960894
1974393145
1731963002
2047277916
759826055
246188654
1485740420
-1936878527
2047402085
456338378
-668639646
277645412
2037662811
-853752294
1348183263
171179014
-1186780227
937823987
915097602
1434609163
872052749
1498326353
-829037307
-364432711
-735304783
385621522
660498569
-1560533210
-636844812
220394040
656354468
-1941213453
1439091345
-1720109687
58302494
1746313179
1660278624
571688645
-2082883484
1793325789
-1248660643
-1028094450
336493173
749767489
-1825104901
1341198298
-1298991483
-144312134
1866569420
1351185787
-897549830
129030358
924917715
1908713816
-500504811
-804227476
-94092652
2631616
1748631692
-1658559697
1717771045
2047809424
-720774947
-84410075
-2144762767
97748218
268680455
-1367796888
-1011431457
1393109345
1002113960
4799452
-1227327769
1694377848
852209567
-309652143
-1934710761
499322212
138036961
-1493411671
-881411475
-963813100
-145189967
-1422319248
126597962
-1698929164
-624496862
1002444711
684577813
-358459124
681179488
531897343
-758506896
-1934883065
542562212
-1045257716
-777726610
-750669275
2134083143
-236475134
-1003000990
547901525
-844312828
-1991423284
-293032631
137616374
-545027789
-1187773588
1482060797
572195203
-913430835
-488836067
1098526741
-1029909495
-270676544
-239349710
-1525464553
1546303670
-883663993
1754904487
1857955666
-1030947726
1434426224
1261676198
717009015
-817129701
-1028655326
1870112164
956451619
497547200
1184236884
2064510430
-485677806
-1071186154
1621254655
-1452405048
-254136787
-1319122824
294671221
736825385
986924767
456519407
-1015093534
523851646
1739634903
536138624
-1167331795
1207404309
1370400250
2055850325
-656289221
219246316
-661764183
1634562180
-312301862
-55840354
-2058335675
-556736476
-1219273534