-773524496
2124832562
51254857
700509839
-481283625
748363824
433187680
-233835901
189607471
1541971620
120868057
1241836715
516785073
445601668
172531527
-1652113843
1273394169
-1873604005
-1043364979
440087949
511499625
-1472845671
379227326
-1462545938
585490447
82603276
-1956053693
1114469909
1724820854
1127625358
-2079327644
1750848815
285092287
272009301
577655898
609626228
935541909
-1793439949
-565944976
1969851949
-171607674
958392813
583588809
1640447356
-1971346831
-1292216401
747284517
-1748673291
191160125
1979884601
