1000
521541701
-1489171152
707827948
-2072001293
234164103
1942258193
-1320136260
5111985
-1656971257
2029599561
1339908561
143706187
1006631076
-402446159
-165862582
-1239319444
-2331166
1684703618
-1607327536
1919630632
-1829541746
103225000
-1041854540
222877650
-344492630
-1159165043
935091897
-991895208
-1631783008
803291297
2016001245
1318723020
1843897795
-641213483
-935165238
480877134
-433542090
237486500
199905607
-849904325
1051785503
-898950085
-944194698
-293138473
-1553012478
-362129117
-560122052
-1343787073
404662074
-1650904801
-1235874641
-1257581491
124235757
-839852097
-1504293863
-116418242
511444082
57316494
-417549264
-1692833024
-1646047534
601373507
1570516354
-1335534361
-1095896435
-987600901
-921284974
557578307
558121123
1165305728
213201925
388474951
-1971094149
-129810563
1024199076
1652665105
1551277476
277575411
-1448788
2128292964
17977873
-977306229
-605784101
-1950441948
653435552
1697555085
-1784166988
306145070
-1859663437
1702290458
-1262313345
-184442980
481998912
1210118858
1351108732
475905134
-415879821
-86338407
-1038573789
1597112133
574389218
2132191549
707273172
-1042615826
98772894
-965683955
-1342364834
-148108876
-1803059534
2077396353
-594173901
-1757284925
1291319602
9920690
-932161563
1079459855
515708001
662083445
518568392
368040813
-1749266553
1067873500
-8159782
-1010246199
1747469899
933679559
432267145
-1579906359
1314559799
-47452939
1400775095
22927921
-1025567126
157333937
1522835496
1813894941
1063559849
-681142813
120766369
53858792
2070710572
1627135486
1489135508
916692469
1516309466
-1837971831
-2056693187
-1469328601
739669614
-1796777960
-1308607154
1669951601
-378826099
-2140114782
-1503788695
-303243635
1330682348
-977150691
1610085533
-1131601119
358377998
-2130459986
1935336392
-938437836
558117699
79539436
-1110866398
-1786267230
882169364
-1992733410
-1402508244
225502958
-1025264070
1950712205
-390069671
-1877761249
-535575471
127366260
1875611111
346053447
-2078350563
-101913006
-125430353
-2133093297
729654633
1253877172
-1939343781
-1791321852
1985822255
992573758
445656094
-434047964
985789325
1068957671
1201832622
1272862926
-912560369
135732058
1206606545
1969057358
-724695279
907210529
1367639665
-1633028872
-1084335978
-1160080747
2066900320
1153994040
882886832
-1345915695
-1569075446
-9709773
-1861048456
661081833
-1330220969
-780848964
611982416
-206884005
-950456982
445497629
-1587107762
-625395474
373210686
-1314650604
136607319
1955354213
-1169355778
440053265
716197273
-1242451044
-771639047
-1381875799
2005438129
1312010002
2108892008
605362653
-1208577303
53869994
1822520251
-681601011
-1627317021
923831089
-850594466
1483948034
1558398087
1815242081
1304077454
-677922207
525316131
-1484842655
-39650578
-1536156233
-250941943
175146038
1209247072
748280405
1902912821
-153805019
298874989
-1195629899
1417653039
-1351844472
1134847844
-1624228353
-1134329756
1639777620
-662418595
1724075319
-2001393361
-1079505747
-36096737
-392012125
-473152208
2048361144
-1771058863
-70534517
105021244
2028941101
1792378787
-1467000296
-15464645
-609800043
1216757333
-220110699
392931552
1350178615
-1756293834
-1735131368
1026972057
-1698325058
305389712
97916645
-1990731817
1642667447
-48903636
-829365027
-1900429198
1213724632
246711381
-140568732
905008901
-1499745952
1930439159
-876792210
1766106906
122802884
-1609109095
-312422023
-1285167267
1583161673
-2042311930
1216305885
-577065166
-2054342129
720045449
723339664
-1443908807
245090179
1768140734
1338134190
285889679
-901895142
-1006042449
-982136857
1945088407
-1117714001
1840380930
1678414758
47861472
950605084
1821279504
1067475469
2051327240
-2070244648
1138568453
156612017
-973496990
-297632684
1250422194
2099025161
-682276066
-296819876
-439791488
-1288996057
346330311
1157961693
617746110
-667740766
846550917
667218385
886684937
-1422099839
-1843710364
1987014683
563533019
1167469006
1751332949
1538858410
-401085158
-2118152824
-1795311584
2107046034
1820690896
-354945042
-2100871761
-797658762
-1354836288
542231048
-1226057920
2035656103
-55843610
-565871858
413483662
-209859855
-29983458
970154356
1395627535
1975243143
-929419262
-363014441
-12716345
1672800407
2006498914
209848758
-663678680
-2037193383
-1680770149
-1015874846
-322076872
-213210396
700043068
1516701622
-172384757
-1991373506
235513480
-300615743
-1708386602
513531804
-1205782833
2124776133
1753763342
-232758419
939653356
410259376
291522557
-9554562
-1013292953
-319954221
-631401948
1714959486
1161044179
144119920
1749940777
-1979312061
242386453
-1476424056
-185265297
994336579
-1211395373
-1536981058
1759559026
-147254992
-337505540
1683413928
562511711
140995146
1894634096
128915319
1676576471
-1720935975
340406437
250345512
-1062129281
985740569
-783308443
-463111251
1914991619
-1508321730
1935890187
2009641520
-26056139
-368666476
1649283780
-1705860416
-974416726
835736472
341737822
377159921
-1580411809
1654325595
-1321624979
720951354
206542955
584133250
2041761201
-89675152
2023575874
-1375271701
1430423138
-1755116167
1510615714
2136567045
1033205483
-1641635748
1108638362
-1573254779
1317908787
1107496856
451123899
-272030970
-2073256985
-1894487392
-1591007720
1872575143
850490360
2016774217
-476904866
8317834
-1159783415
-6825884
1041298297
580381164
-385189996
-275886350
-2060345500
-850737747
-591143370
-1597544744
-1357053005
1299207260
532679520
850731250
-839168454
-241392532
413065447
-1072327042
-12165381
725726673
-2057054671
-644887804
-2046824148
637322157
876847397
764478305
1412739416
1465910869
68607356
-1866181769
1808648618
-2139756545
-2099111733
561920534
2032268606
-1209890790
-1175874226
-1941376407
1025314968
1374981475
-337123534
1032985813
448391712
-1934104496
-833619525
-1210737700
926528571
1347093053
1792223776
-1499326328
138784313
490970058
1149378009
-885132715
449064933
1427185538
-1682088988
1972279562
-1308387319
1948493873
1006367310
-1020089216
-1399556441
815009379
-1492638388
884859944
-1807569365
-2014912001
703998719
-711841679
-1774568748
666164154
615959824
1784945988
-1505500566
2126871367
-1190422022
-702104209
-2042752714
-1453226660
1469881241
-286571737
-107177349
479492670
645941168
2004941962
1796150470
-1997792937
411021810
1835609760
-783454160
-266818305
1922739189
-1569697921
225225267
-1140309871
1574983196
1290876205
-1029834408
745043022
-62958806
-118325839
2065024487
-1183916839
-1600142529
1828033895
1264355207
-1696064848
-850795045
1232235096
1612185028
2030935011
1751921776
233864090
1522965395
-75098227
-1470134805
-1949610355
2008636999
-1714938930
-1593406791
644012710
-237374104
-240030589
1026833636
1139690424
1998899662
-1201364065
-108815787
-1069344253
-936840600
2008441396
891836130
472344696
1002578509
-1772822164
1291880391
-1164586883
-25406596
-884615582
2146094825
1765993758
2049432309
-1536223822
753386558
-871780258
-1056928154
-543089034
1313457520
-1027811418
-1894095214
-1251106151
-1157789436
1646517625
1515455762
-1921342747
168495901
-446741735
1001922048
-1873860860
105540081
-761882990
583358024
1342409447
1171388701
-513375013
1442299588
1709023063
-1456959133
-157133177
-1463288283
-1973630695
-1205200252
1295809318
-1510709077
898492296
944795604
2028547477
-670717118
-766415390
-206974372
1835543966
-1708443637
480622308
348280732
2065652547
-1040999200
1034380785
-1436043809
-1264226867
-1611880702
1885943131
1226317197
-1930046583
1858197513
519280662
-2104499281
1253856627
1760911592
1958673622
215895574
1146533761
-1266038598
-1956455847
728305338
1515438885
696814904
-863712843
2004534466
772010733
1351742480
331756032
1116672377
-664892248
-25189964
1872612047
-176942423
2058485060
-903092163
67803960
-1809443778
856058985
2073255510
-1658770364
-2041620684
1221235324
-303249586
1010425840
86414888
-1433930852
719314783
-1590283346
1932172473
-457226344
-539381358
-1071703440
-247677067
1302278770
1900672583
-1265726791
-1250491114
1302578637
-106841768
-1538955852
-815870296
-2034760271
-1031935724
231145975
-1923608470
798496887
-283898784
-240363291
-743241437
-747826568
378025168
-450022574
-1315876010
378891849
513374807
-1409476014
2096230892
-1184084450
-775904470
976358802
318112679
295535292
177568310
-281815618
-1218917455
-190852284
1377963917
1044642126
-60984505
-157708771
816556804
-2006258446
165404582
-2144336292
-778036456
414204636
-31569820
-1298824464
1740778281
-1277269409
1225309807
32908332
1218416338
1235436536
567913924
983178841
272444850
1314954064
-1883262942
162345384
928577597
1791885203
443536731
1568860846
-619728031
-1984257029
41014881
-1102392420
-943108235
150711564
1539857707
1746098922
14057084
1985960879
-627551826
-1661391399
-1904463542
-1853982178
-75834451
77358323
-1747010949
1125214144
-1089130468
-2087285074
1831522149
-1162512409
1827449152
-727474380
507788031
353756035
-575836225
-829606730
-1146351242
-940275503
-179828428
1767981095
36779391
-2107292296
-410114224
429547951
-194476920
-1209904007
-49328893
2081789492
601155508
-1400508402
-261886523
764496244
130276877
-1625117676
-261134535
238852311
6496994
108877144
883812359
-606659852
-827797865
238408523
-1473169859
-2062888903
1341926270
34012922
754252776
2064899048
889324584
-850907016
338326890
1809156358
66051126
-1062389494
1654423981
1012940344
462233712
1042479893
2120719798
1379399476
516112388
-144881815
-1379649754
-1670815627
916249037
878448277
167666969
1672832503
-1365598882
-324984252
-1239861691
1004263382
-1831949845
1937480408
-1604188394
-159152986
1764691061
-1650980214
-1536247260
-724385938
521392234
986878606
-570254648
1148568815
1664049077
-1162019053
-550972038
-188342123
1869926314
-755572808
252141720
-1507671751
-1486658255
-1411826147
1200616438
374375641
-1656198033
-509735519
-870068627
1959937135
-642272635
1705656311
1622912492
904033161
-345576281
-1354350756
-1890673445
-1227428173
1036377286
-107205516
1549578959
711291603
-1280745549
1314791084
154002291
-115372733
88345596
-790842946
2076436575
1372720170
-1432117000
-1555217289
176055741
547639377
4544636
1783144118
-2001647909
-2060748653
520765070
-39577108
1060942526
-768130680
713644942
535080560
-1055621644
2080512826
504017255
586627145
165734220
2129275014
1964106565
-1680240740
-958300112
1514998744
-1700978987
-1954798039
-1736601314
1451831617
-623520121
175959590
-1805837450
-1244196820
148183347
349625733
449660088
449865858
2060512810
-1276270372
1876586430
-753261467
-1778275041
1766871944
819014797
648835559
1797059508
1382154350
1656977756
33469668
505911344
-80785430
-2077481703
-1287163233
-1640689580
1901995440
-1860035947
-1618317690
837622170
-407329006
-1139441105
348469690
1452377952
1085865192
-284622452
-2110778338
1109451152
1069461622
-1005364378
-532717805
-1716112660
-1577188836
-42883837
1021792569
23550147
2074930172
179506224
1721821778
-1474816916
1582799257
2074678338
-40866071
-1434083880
1258741668
-605009148
-769051250
-193775048
-1466896873
-836973643
556168029
-1023558927
239863576
1093424885
541944894
